8060e484220e4609ba09970ca1d42a87e1a8d512295069422351275183da9d51852a851a873a85ba0000e21a
8060e484a20e460970c2204ca87ba099512a1d42942e1a8d75129506d512351251a83da95ba852a821a873a80e00

1000000001100000111001001000010000100010000011100100011000001001                                            101110100000100110010111000011001010000111010100001010101000011111100001101010001101010100010010001010010101000001101001010000100010001101010001001001110101000110000011110110101001110101010001100001010010101010000101000110101000011100111010100001011011101000000000000000001110001000011010
10000000011000001110010010000100101000100000111001000110000010010111000011000010001000000100110010101000011110111010000010011001010100010010101000011101010000101001010000101110000110101000110101110101000100101001010100000110110101010001001000110101000100100101000110101000001111011010100101011011101010000101001010101000001000011010100001110011101010000                        000111000000000
================================^===============================++++++++++++++++++++++++++++++++++++++++++++======================^====^^^^=======================^^^^===^=^======================^==^====^^=====================^=====^==^^======================^==^==^=^^====================^===^^^=^=^^=====================^^^=============================++++++++++++++++++++++++=========^====^




1000000001100000111001001000010000100010000011100100011000001001101110100000100110010111000011001010000111010100001010101000011111100001101010001101010100010010001010010101000001101001010000100010001101010001001001110101000110000011110110101001110101010001100001010010101010000101000110101000011100111010100001011011101000000000000000001110001000011010
10000000011000001110010010000100101000100000111001000110000010010111000011000010001000000100110010101000011110111010000010011001010100010010101000011101010000101001010000101110000110101000110101110101000100101001010100000110110101010001001000110101000100100101000110101000001111011010100101011011101010000101001010101000001000011010100001110011101010000000111000000000
================================^===============================++++++++++++++++++++++++++++++++++++++++++++======================^====^^^^=======================^^^^===^=^======================^==^====^^=====================^=====^==^^======================^==^==^=^^====================^===^^^=^=^^=====================^^^=============================++++++++++++++++++++++++=========^====^



0000011010001011101001011000010000100000111001000110000010011000     1010000011001110111001001100001     001111101101010100001010101001001000011110 00001000   011100 0001101000010001010000111010111111000101000000001



00011111011010101000010101010010000000000000000000000000